378
492
808
689
378
402
612
669
633
352
662
418
58
686
528
298
235
128
57
378
884
807
203
239
584
734
974
341
892
982
31
220
628
102
291
951
845
291
598
26
893
224
792
527
366
474
31
717
634
627
760
678
881
481
814
268
69
546
365
567
367
61
960
909
162
496
966
542
604
602
315
547
549
77
619
331
657
834
666
322
823
136
519
574
876
722
527
62
730
60
301
114
937
866
231
209
840
517
172
531
180
171
193
356
655
698
547
186
956
664
326
947
567
762
916
877
98
71
626
227
689
609
796
185
263
687
577
301
722
921
801
186
297
690
618
818
349
555
418
103
845
554
695
630
220
94
563
56
678
469
347
375
392
812
750
393
84
274
522
900
307
313
377
7
550
522
723
832
733
597
454
495
608
18
257
22
308
839
78
379
940
166
213
796
601
833
101
782
653
693
77
514
369
48
73
317
823
473
304
610
377
355
186
37
992
141
783
119
249
385
491
121
218
575
126
583
290
725
175
828
798
805
184
147
87
915
316
776
553
569
477
732
175
994
779
863
738
47
183
813
177
769
213
888
425
916
152
405
846
107
799
734
202
478
717
459
241
373
814
862
720
448
358
794
714
69
996
519
65
548
123
52
550
226
272
713
408
968
367
801
480
824
969
112
965
708
889
727
355
403
692
321
111
344
54
984
637
656
497
369
706
312
312
121
582
321
697
155
449
697
641
415
534
455
954
552
28
299
327
849
377
895
225
781
74
742
330
139
942
768
302
538
585
335
425
175
91
9
635
160
608
442
872
283
35
933
573
864
579
167
325
623
296
24
449
744
654
390
6
302
552
320
951
222
112
524
763
954
467
278
274
52
58
38
290
649
282
533
918
332
29
131
637
708
306
967
720
132
583
452
253
780
127
501
705
673
838
109
963
158
481
669
19
932
58
99
625
302
153
803
673
586
919
629
508
988
788
322
683
61
640
844
981
283
206
930
199
366
821
749
955
423
840
257
705
260
229
867
921
28
779
276
155
412
684
391
558
964
186
53
653
985
54
650
944
495
291
515
862
434
601
63
647
185
134
207
904
968
463
939
760
649
132
283
431
310
113
975
287
902
416
939
706
754
860
722
707
674
793
677
600
520
895
976
189
793
806
98
900
459
371
560
56
816
504
516
218
582
313
679
274
839
923
104
535
428
879
359
977
49
628
635
363
773
235
125
79
41
227
935
882
82
893
484
94
333
131
28
910
446
905
132
588
748
981
505
246
396
74
175
552
289
552
178
747
853
40
264
866
15
507
689
157
193
626
308
430
596
360
159
929
218
948
970
705
624
595
737
989
958
586
388
170
357
505
253
586
964
875
22
562
758
689
116
753
579
958
828
564
665
669
904
718
592
279
309
933
615
626
860
280
334
907
900
332
801
107
985
358
605
303
75
955
194
337
701
115
293
796
455
299
641
277
619
242
786
526
537
235
125
932
839
41
543
320
665
786
833
90
993
42
517
352
18
976
527
919
687
293
491
177
907
521
727
740
52
79
156
52
434
617
791
694
590
350
782
893
216
160
433
138
825
850
231
804
889
206
890
759
830
53
216
928
579
192
302
15
176
947
675
469
667
129
727
621
219
595
655
215
5
785
189
943
766
291
648
620
395
617
525
309
127
655
953
918
562
996
628
552
235
594
403
726
914
400
579
571
652
338
677
257
652
554
978
669
107
760
148
263
427
621
222
581
950
789
881
302
54
979
613
588
592
62
592
115
706
249
318
662
93
601
397
168
33
911
267
464
260
285
670
438
359
597
760
491
5
365
29
653
625
287
803
631
315
317
189
263
254
402
435
600
745
491
194
840
552
284
316
140
870
319
163
440
785
487
887
419
690
442
945
198
312
213
203
549
280
954
919
230
947
301
409
391
204
308
473
572
900
412
945
606
228
48
871
623
55
101
903
681
617
609
209
126
975
633
498
746
180
922
242
53
934
431
497
621
811
185
646
937
187
949
902
760
523
166
229
303
779
852
548
681
13
805
816
465
530
911
323
939
755
255
521
40
209
556
408
824
81
13
381
666
904
601
855
495
150
733
898
965
594
311
723
47
410
346
403
673
45
274
778
722
760
191
665
162
257
999
947
11
931
964
657
812
430
533
169
399
266
807
162
884
552
316
567
911
205
692
989
701
764
824
635
388
975
870
749
440
546
142
397
745
444
722
902
450
618
508
118
29
938
994
56
953
649
309
795
934
153
416
915
919
291
363
954
293
949
246
690
885
408
771
722
928
544
180
234
657
448
980
484
