369
952
344
225
6
878
332
731
101
804
983
513
738
38
896
988
409
764
956
856
112
272
78
996
417
665
262
447
342
33
200
817
925
376
429
11
259
667
279
468
669
501
837
729
57
952
102
351
699
807
451
992
643
131
413
345
404
576
14
100
864
220
627
150
111
643
863
374
926
410
11
97
315
966
745
398
23
136
439
451
917
952
953
796
215
706
928
234
495
649
654
736
275
47
763
245
706
366
153
543
859
14
844
469
36
467
470
110
816
538
927
971
778
769
1
86
694
912
329
534
439
712
497
680
419
286
859
108
90
347
800
689
277
339
991
909
236
568
49
612
880
363
232
268
927
783
88
900
629
522
318
639
247
240
381
841
652
485
535
84
300
207
104
687
802
198
943
380
262
561
566
877
427
567
872
874
215
774
674
89
537
243
194
626
692
759
908
78
986
18
652
284
620
718
973
839
989
515
704
776
369
952
344
225
6
878
332
731
101
804
983
513
738
38
896
988
409
764
956
856
112
272
78
996
417
665
262
447
342
33
200
817
925
376
429
11
259
667
279
468
669
501
837
729
57
952
102
351
699
807
451
992
643
131
413
345
404
576
14
100
864
220
627
150
111
643
863
374
926
410
11
97
315
966
745
398
23
136
439
451
917
952
953
796
215
706
928
234
495
649
654
736
275
47
763
245
706
366
153
543
859
14
844
469
36
467
470
110
816
538
927
971
778
769
1
86
694
912
329
534
439
712
497
680
419
286
859
108
90
347
800
689
277
339
991
909
236
568
49
612
880
363
232
268
927
783
88
900
629
522
318
639
247
240
381
841
652
485
535
84
300
207
104
687
802
198
943
380
262
561
566
877
427
567
872
874
215
774
674
89
537
243
194
626
692
759
908
78
986
18
652
284
620
718
973
839
989
515
704
776
